areaType,areaName,areaCode,date,newPeopleVaccinatedFirstDoseByPublishDate,cumPeopleVaccinatedFirstDoseByPublishDate
nation,England,E92000001,2021-04-16,102280,27447286
nation,England,E92000001,2021-04-15,93587,27345006
nation,England,E92000001,2021-04-14,79117,27251419
nation,England,E92000001,2021-04-13,39361,27172302
nation,England,E92000001,2021-04-12,25351,27132941
nation,England,E92000001,2021-04-11,36599,27107590
nation,England,E92000001,2021-04-10,74055,27070991
nation,England,E92000001,2021-04-09,62274,26996936
nation,England,E92000001,2021-04-08,55539,26934662
nation,England,E92000001,2021-04-07,58962,26879123
nation,England,E92000001,2021-04-06,54296,26820161
nation,England,E92000001,2021-04-05,19826,26765865
nation,England,E92000001,2021-04-04,26617,26746039
nation,England,E92000001,2021-04-03,74512,26719422
nation,England,E92000001,2021-04-02,68281,26644910
nation,England,E92000001,2021-04-01,122410,26576629
nation,England,E92000001,2021-03-31,188045,26454219
nation,England,E92000001,2021-03-30,176063,26266174
nation,England,E92000001,2021-03-29,186329,26090111
nation,England,E92000001,2021-03-28,252376,25903782
nation,England,E92000001,2021-03-27,367393,25651406
nation,England,E92000001,2021-03-26,344008,25284013
nation,England,E92000001,2021-03-25,258050,24940005
nation,England,E92000001,2021-03-24,275881,24681955
nation,England,E92000001,2021-03-23,268651,24406074
nation,England,E92000001,2021-03-22,282561,24137423
nation,England,E92000001,2021-03-21,295359,23854862
nation,England,E92000001,2021-03-20,686424,23559503
nation,England,E92000001,2021-03-19,535489,22873079
nation,England,E92000001,2021-03-18,451465,22337590
nation,England,E92000001,2021-03-17,392769,21886125
nation,England,E92000001,2021-03-16,370842,21493356
nation,England,E92000001,2021-03-15,330676,21122514
nation,England,E92000001,2021-03-14,223017,20791838
nation,England,E92000001,2021-03-13,457632,20568821
nation,England,E92000001,2021-03-12,312716,20111189
nation,England,E92000001,2021-03-11,211393,19798473
nation,England,E92000001,2021-03-10,206720,19587080
nation,England,E92000001,2021-03-09,181127,19380360
nation,England,E92000001,2021-03-08,183736,19199233
nation,England,E92000001,2021-03-07,140108,19015497
nation,England,E92000001,2021-03-06,383618,18875389
nation,England,E92000001,2021-03-05,385681,18491771
nation,England,E92000001,2021-03-04,320388,18106090
nation,England,E92000001,2021-03-03,231002,17785702
nation,England,E92000001,2021-03-02,181316,17554700
nation,England,E92000001,2021-03-01,160580,17373384
nation,England,E92000001,2021-02-28,161559,17212804
nation,England,E92000001,2021-02-27,371364,17051245
nation,England,E92000001,2021-02-26,452777,16679881
nation,England,E92000001,2021-02-25,432112,16227104
nation,England,E92000001,2021-02-24,396937,15794992
nation,England,E92000001,2021-02-23,284897,15398055
nation,England,E92000001,2021-02-22,155084,15113158
nation,England,E92000001,2021-02-21,113987,14958074
nation,England,E92000001,2021-02-20,306109,14844087
nation,England,E92000001,2021-02-19,323802,14537978
nation,England,E92000001,2021-02-18,396262,14214176
nation,England,E92000001,2021-02-17,422576,13817914
nation,England,E92000001,2021-02-16,312669,13395338
nation,England,E92000001,2021-02-15,219760,13082669
nation,England,E92000001,2021-02-14,187246,12862909
nation,England,E92000001,2021-02-13,429497,12675663
nation,England,E92000001,2021-02-12,436925,12246166
nation,England,E92000001,2021-02-11,386734,11809241
nation,England,E92000001,2021-02-10,338855,11422507
nation,England,E92000001,2021-02-09,311654,11083652
nation,England,E92000001,2021-02-08,252269,10771998
nation,England,E92000001,2021-02-07,229514,10519729
nation,England,E92000001,2021-02-06,458318,10290215
nation,England,E92000001,2021-02-05,401636,9831897
nation,England,E92000001,2021-02-04,388426,9430261
nation,England,E92000001,2021-02-03,378794,9041835
nation,England,E92000001,2021-02-02,300173,8663041
nation,England,E92000001,2021-02-01,280513,8362868
nation,England,E92000001,2021-01-31,289359,8082355
nation,England,E92000001,2021-01-30,539691,7792996
nation,England,E92000001,2021-01-29,436360,7253305
nation,England,E92000001,2021-01-28,343193,6816945
nation,England,E92000001,2021-01-27,251902,6473752
nation,England,E92000001,2021-01-26,259306,6221850
nation,England,E92000001,2021-01-25,234851,5962544
nation,England,E92000001,2021-01-24,198592,5727693
nation,England,E92000001,2021-01-23,443330,5529101
nation,England,E92000001,2021-01-22,424478,5085771
nation,England,E92000001,2021-01-21,357563,4661293
nation,England,E92000001,2021-01-20,318151,4303730
nation,England,E92000001,2021-01-19,298373,3985579
nation,England,E92000001,2021-01-18,167150,3687206
nation,England,E92000001,2021-01-17,154564,3520056
nation,England,E92000001,2021-01-16,275434,3365492
nation,England,E92000001,2021-01-15,320894,3090058
nation,England,E92000001,2021-01-14,274793,2769164
nation,England,E92000001,2021-01-13,239815,2494371
nation,England,E92000001,2021-01-12,174276,2254556
nation,England,E92000001,2021-01-11,121129,2080280
nation,England,E92000001,2021-01-10,,1959151
nation,Northern Ireland,N92000002,2021-04-16,5723,855826
nation,Northern Ireland,N92000002,2021-04-15,5819,850103
nation,Northern Ireland,N92000002,2021-04-14,6235,844284
nation,Northern Ireland,N92000002,2021-04-13,6154,838049
nation,Northern Ireland,N92000002,2021-04-12,5483,831895
nation,Northern Ireland,N92000002,2021-04-11,6380,826412
nation,Northern Ireland,N92000002,2021-04-10,6564,820032
nation,Northern Ireland,N92000002,2021-04-09,7463,813468
nation,Northern Ireland,N92000002,2021-04-08,6595,806005
nation,Northern Ireland,N92000002,2021-04-07,8550,799410
nation,Northern Ireland,N92000002,2021-04-06,5366,790860
nation,Northern Ireland,N92000002,2021-04-05,5562,785494
nation,Northern Ireland,N92000002,2021-04-04,2824,779932
nation,Northern Ireland,N92000002,2021-04-03,4868,777108
nation,Northern Ireland,N92000002,2021-04-02,7235,772240
nation,Northern Ireland,N92000002,2021-04-01,8992,765005
nation,Northern Ireland,N92000002,2021-03-31,6901,756013
nation,Northern Ireland,N92000002,2021-03-30,8383,749112
nation,Northern Ireland,N92000002,2021-03-29,10258,740729
nation,Northern Ireland,N92000002,2021-03-28,3882,730471
nation,Northern Ireland,N92000002,2021-03-27,7329,726589
nation,Northern Ireland,N92000002,2021-03-26,7587,719260
nation,Northern Ireland,N92000002,2021-03-25,8339,711673
nation,Northern Ireland,N92000002,2021-03-24,8471,703334
nation,Northern Ireland,N92000002,2021-03-23,7335,694863
nation,Northern Ireland,N92000002,2021-03-22,0,687528
nation,Northern Ireland,N92000002,2021-03-21,19770,687528
nation,Northern Ireland,N92000002,2021-03-20,4785,667758
nation,Northern Ireland,N92000002,2021-03-19,7392,662973
nation,Northern Ireland,N92000002,2021-03-18,9391,655581
nation,Northern Ireland,N92000002,2021-03-17,5389,646190
nation,Northern Ireland,N92000002,2021-03-16,6782,640801
nation,Northern Ireland,N92000002,2021-03-15,4558,634019
nation,Northern Ireland,N92000002,2021-03-14,4266,629461
nation,Northern Ireland,N92000002,2021-03-13,3733,625195
nation,Northern Ireland,N92000002,2021-03-12,6833,621462
nation,Northern Ireland,N92000002,2021-03-11,7934,614629
nation,Northern Ireland,N92000002,2021-03-10,5594,606695
nation,Northern Ireland,N92000002,2021-03-09,4574,601101
nation,Northern Ireland,N92000002,2021-03-08,7724,596527
nation,Northern Ireland,N92000002,2021-03-07,5889,588803
nation,Northern Ireland,N92000002,2021-03-06,5695,582914
nation,Northern Ireland,N92000002,2021-03-05,9208,577219
nation,Northern Ireland,N92000002,2021-03-04,11290,568011
nation,Northern Ireland,N92000002,2021-03-03,11702,556721
nation,Northern Ireland,N92000002,2021-03-02,7630,545019
nation,Northern Ireland,N92000002,2021-03-01,11989,537389
nation,Northern Ireland,N92000002,2021-02-28,4404,525400
nation,Northern Ireland,N92000002,2021-02-27,5318,520996
nation,Northern Ireland,N92000002,2021-02-26,10490,515678
nation,Northern Ireland,N92000002,2021-02-25,13595,505188
nation,Northern Ireland,N92000002,2021-02-24,13358,491593
nation,Northern Ireland,N92000002,2021-02-23,10106,478235
nation,Northern Ireland,N92000002,2021-02-22,10099,468129
nation,Northern Ireland,N92000002,2021-02-21,12021,458030
nation,Northern Ireland,N92000002,2021-02-20,3092,446009
nation,Northern Ireland,N92000002,2021-02-19,6774,442917
nation,Northern Ireland,N92000002,2021-02-18,8574,436143
nation,Northern Ireland,N92000002,2021-02-17,9360,427569
nation,Northern Ireland,N92000002,2021-02-16,8702,418209
nation,Northern Ireland,N92000002,2021-02-15,12264,409507
nation,Northern Ireland,N92000002,2021-02-14,6142,397243
nation,Northern Ireland,N92000002,2021-02-13,3330,391101
nation,Northern Ireland,N92000002,2021-02-12,14357,387771
nation,Northern Ireland,N92000002,2021-02-11,19657,373414
nation,Northern Ireland,N92000002,2021-02-10,20099,353757
nation,Northern Ireland,N92000002,2021-02-09,16052,333658
nation,Northern Ireland,N92000002,2021-02-08,14128,317606
nation,Northern Ireland,N92000002,2021-02-07,7563,303478
nation,Northern Ireland,N92000002,2021-02-06,6026,295915
nation,Northern Ireland,N92000002,2021-02-05,14657,289889
nation,Northern Ireland,N92000002,2021-02-04,11497,275232
nation,Northern Ireland,N92000002,2021-02-03,17064,263735
nation,Northern Ireland,N92000002,2021-02-02,13242,246671
nation,Northern Ireland,N92000002,2021-02-01,11620,233429
nation,Northern Ireland,N92000002,2021-01-31,7208,221809
nation,Northern Ireland,N92000002,2021-01-30,10536,214601
nation,Northern Ireland,N92000002,2021-01-29,7934,204065
nation,Northern Ireland,N92000002,2021-01-28,20847,196131
nation,Northern Ireland,N92000002,2021-01-27,7144,175284
nation,Northern Ireland,N92000002,2021-01-26,4823,168140
nation,Northern Ireland,N92000002,2021-01-25,3675,163317
nation,Northern Ireland,N92000002,2021-01-24,3998,159642
nation,Northern Ireland,N92000002,2021-01-23,1278,155644
nation,Northern Ireland,N92000002,2021-01-22,3327,154366
nation,Northern Ireland,N92000002,2021-01-21,6827,151039
nation,Northern Ireland,N92000002,2021-01-20,5776,144212
nation,Northern Ireland,N92000002,2021-01-19,5579,138436
nation,Northern Ireland,N92000002,2021-01-18,7140,132857
nation,Northern Ireland,N92000002,2021-01-17,5330,125717
nation,Northern Ireland,N92000002,2021-01-16,2481,120387
nation,Northern Ireland,N92000002,2021-01-15,3339,117906
nation,Northern Ireland,N92000002,2021-01-14,11866,114567
nation,Northern Ireland,N92000002,2021-01-13,11284,102701
nation,Northern Ireland,N92000002,2021-01-12,7230,91417
nation,Northern Ireland,N92000002,2021-01-11,6182,84187
nation,Northern Ireland,N92000002,2021-01-10,,78005
nation,Scotland,S92000003,2021-04-16,11303,2733387
nation,Scotland,S92000003,2021-04-15,13393,2722084
nation,Scotland,S92000003,2021-04-14,13720,2708691
nation,Scotland,S92000003,2021-04-13,12265,2694971
nation,Scotland,S92000003,2021-04-12,13983,2682706
nation,Scotland,S92000003,2021-04-11,11145,2668723
nation,Scotland,S92000003,2021-04-10,14054,2657578
nation,Scotland,S92000003,2021-04-09,17947,2643524
nation,Scotland,S92000003,2021-04-08,16746,2625577
nation,Scotland,S92000003,2021-04-07,14899,2608831
nation,Scotland,S92000003,2021-04-06,16116,2593932
nation,Scotland,S92000003,2021-04-05,12536,2577816
nation,Scotland,S92000003,2021-04-04,11443,2565280
nation,Scotland,S92000003,2021-04-03,17948,2553837
nation,Scotland,S92000003,2021-04-02,20141,2535889
nation,Scotland,S92000003,2021-04-01,22421,2515748
nation,Scotland,S92000003,2021-03-31,27786,2493327
nation,Scotland,S92000003,2021-03-30,27998,2465541
nation,Scotland,S92000003,2021-03-29,27262,2437543
nation,Scotland,S92000003,2021-03-28,24123,2410281
nation,Scotland,S92000003,2021-03-27,27351,2386158
nation,Scotland,S92000003,2021-03-26,35975,2358807
nation,Scotland,S92000003,2021-03-25,37121,2322832
nation,Scotland,S92000003,2021-03-24,36099,2285711
nation,Scotland,S92000003,2021-03-23,34940,2249612
nation,Scotland,S92000003,2021-03-22,32272,2214672
nation,Scotland,S92000003,2021-03-21,37460,2182400
nation,Scotland,S92000003,2021-03-20,34160,2144940
nation,Scotland,S92000003,2021-03-19,44320,2110780
nation,Scotland,S92000003,2021-03-18,43458,2066460
nation,Scotland,S92000003,2021-03-17,41184,2023002
nation,Scotland,S92000003,2021-03-16,38311,1981818
nation,Scotland,S92000003,2021-03-15,34516,1943507
nation,Scotland,S92000003,2021-03-14,20294,1908991
nation,Scotland,S92000003,2021-03-13,21574,1888697
nation,Scotland,S92000003,2021-03-12,22487,1867123
nation,Scotland,S92000003,2021-03-11,18836,1844636
nation,Scotland,S92000003,2021-03-10,16642,1825800
nation,Scotland,S92000003,2021-03-09,19781,1809158
nation,Scotland,S92000003,2021-03-08,14718,1789377
nation,Scotland,S92000003,2021-03-07,14909,1774659
nation,Scotland,S92000003,2021-03-06,15881,1759750
nation,Scotland,S92000003,2021-03-05,26197,1743869
nation,Scotland,S92000003,2021-03-04,29064,1717672
nation,Scotland,S92000003,2021-03-03,26729,1688608
nation,Scotland,S92000003,2021-03-02,27518,1661879
nation,Scotland,S92000003,2021-03-01,22783,1634361
nation,Scotland,S92000003,2021-02-28,17883,1611578
nation,Scotland,S92000003,2021-02-27,23542,1593695
nation,Scotland,S92000003,2021-02-26,27224,1570153
nation,Scotland,S92000003,2021-02-25,26949,1542929
nation,Scotland,S92000003,2021-02-24,27903,1515980
nation,Scotland,S92000003,2021-02-23,22836,1488077
nation,Scotland,S92000003,2021-02-22,19753,1465241
nation,Scotland,S92000003,2021-02-21,13546,1445488
nation,Scotland,S92000003,2021-02-20,19299,1431942
nation,Scotland,S92000003,2021-02-19,26491,1412643
nation,Scotland,S92000003,2021-02-18,31186,1386152
nation,Scotland,S92000003,2021-02-17,34892,1354966
nation,Scotland,S92000003,2021-02-16,32070,1320074
nation,Scotland,S92000003,2021-02-15,32814,1288004
nation,Scotland,S92000003,2021-02-14,31416,1255190
nation,Scotland,S92000003,2021-02-13,50329,1223774
nation,Scotland,S92000003,2021-02-12,59820,1173445
nation,Scotland,S92000003,2021-02-11,64878,1113625
nation,Scotland,S92000003,2021-02-10,63178,1048747
nation,Scotland,S92000003,2021-02-09,57447,985569
nation,Scotland,S92000003,2021-02-08,61299,928122
nation,Scotland,S92000003,2021-02-07,27557,866823
nation,Scotland,S92000003,2021-02-06,52839,839266
nation,Scotland,S92000003,2021-02-05,43915,786427
nation,Scotland,S92000003,2021-02-04,48165,742512
nation,Scotland,S92000003,2021-02-03,45085,694347
nation,Scotland,S92000003,2021-02-02,38484,649262
nation,Scotland,S92000003,2021-02-01,34881,610778
nation,Scotland,S92000003,2021-01-31,9628,575897
nation,Scotland,S92000003,2021-01-30,22899,566269
nation,Scotland,S92000003,2021-01-29,27515,543370
nation,Scotland,S92000003,2021-01-28,24197,515855
nation,Scotland,S92000003,2021-01-27,29566,491658
nation,Scotland,S92000003,2021-01-26,24192,462092
nation,Scotland,S92000003,2021-01-25,22498,437900
nation,Scotland,S92000003,2021-01-24,11364,415402
nation,Scotland,S92000003,2021-01-23,23371,404038
nation,Scotland,S92000003,2021-01-22,22213,380667
nation,Scotland,S92000003,2021-01-21,23583,358454
nation,Scotland,S92000003,2021-01-20,24962,334871
nation,Scotland,S92000003,2021-01-19,25327,309909
nation,Scotland,S92000003,2021-01-18,19591,284582
nation,Scotland,S92000003,2021-01-17,4851,264991
nation,Scotland,S92000003,2021-01-16,18216,260140
nation,Scotland,S92000003,2021-01-15,17084,241924
nation,Scotland,S92000003,2021-01-14,16633,224840
nation,Scotland,S92000003,2021-01-13,16242,208207
nation,Scotland,S92000003,2021-01-12,16023,191965
nation,Scotland,S92000003,2021-01-11,12565,175942
nation,Scotland,S92000003,2021-01-10,,163377
nation,Wales,W92000004,2021-04-16,0,1657028
nation,Wales,W92000004,2021-04-15,16983,1657028
nation,Wales,W92000004,2021-04-14,18763,1640045
nation,Wales,W92000004,2021-04-13,18343,1621282
nation,Wales,W92000004,2021-04-12,15088,1602939
nation,Wales,W92000004,2021-04-11,15099,1587851
nation,Wales,W92000004,2021-04-10,16436,1572752
nation,Wales,W92000004,2021-04-09,19194,1556316
nation,Wales,W92000004,2021-04-08,17362,1537122
nation,Wales,W92000004,2021-04-07,17119,1519760
nation,Wales,W92000004,2021-04-06,9449,1502641
nation,Wales,W92000004,2021-04-05,2820,1493192
nation,Wales,W92000004,2021-04-04,7171,1490372
nation,Wales,W92000004,2021-04-03,10558,1483201
nation,Wales,W92000004,2021-04-02,11763,1472643
nation,Wales,W92000004,2021-04-01,16995,1460880
nation,Wales,W92000004,2021-03-31,16702,1443885
nation,Wales,W92000004,2021-03-30,13473,1427183
nation,Wales,W92000004,2021-03-29,12960,1413710
nation,Wales,W92000004,2021-03-28,13167,1400750
nation,Wales,W92000004,2021-03-27,22228,1387583
nation,Wales,W92000004,2021-03-26,23735,1365355
nation,Wales,W92000004,2021-03-25,21432,1341620
nation,Wales,W92000004,2021-03-24,17214,1320188
nation,Wales,W92000004,2021-03-23,14724,1302974
nation,Wales,W92000004,2021-03-22,15064,1288250
nation,Wales,W92000004,2021-03-21,14417,1273186
nation,Wales,W92000004,2021-03-20,26939,1258769
nation,Wales,W92000004,2021-03-19,27729,1231830
nation,Wales,W92000004,2021-03-18,23946,1204101
nation,Wales,W92000004,2021-03-17,22904,1180155
nation,Wales,W92000004,2021-03-16,17385,1157251
nation,Wales,W92000004,2021-03-15,16935,1139866
nation,Wales,W92000004,2021-03-14,9433,1122931
nation,Wales,W92000004,2021-03-13,29169,1113498
nation,Wales,W92000004,2021-03-12,27542,1084329
nation,Wales,W92000004,2021-03-11,22646,1056787
nation,Wales,W92000004,2021-03-10,14931,1034141
nation,Wales,W92000004,2021-03-09,11819,1019210
nation,Wales,W92000004,2021-03-08,9095,1007391
nation,Wales,W92000004,2021-03-07,3237,998296
nation,Wales,W92000004,2021-03-06,11640,995059
nation,Wales,W92000004,2021-03-05,16377,983419
nation,Wales,W92000004,2021-03-04,15502,967042
nation,Wales,W92000004,2021-03-03,9523,951540
nation,Wales,W92000004,2021-03-02,8532,942017
nation,Wales,W92000004,2021-03-01,7816,933485
nation,Wales,W92000004,2021-02-28,2054,925669
nation,Wales,W92000004,2021-02-27,7279,923615
nation,Wales,W92000004,2021-02-26,14002,916336
nation,Wales,W92000004,2021-02-25,13064,902334
nation,Wales,W92000004,2021-02-24,10764,889270
nation,Wales,W92000004,2021-02-23,8853,878506
nation,Wales,W92000004,2021-02-22,7405,869653
nation,Wales,W92000004,2021-02-21,2165,862248
nation,Wales,W92000004,2021-02-20,6179,860083
nation,Wales,W92000004,2021-02-19,14839,853904
nation,Wales,W92000004,2021-02-18,16432,839065
nation,Wales,W92000004,2021-02-17,15282,822633
nation,Wales,W92000004,2021-02-16,11424,807351
nation,Wales,W92000004,2021-02-15,11118,795927
nation,Wales,W92000004,2021-02-14,13158,784809
nation,Wales,W92000004,2021-02-13,22206,771651
nation,Wales,W92000004,2021-02-12,33501,749445
nation,Wales,W92000004,2021-02-11,31847,715944
nation,Wales,W92000004,2021-02-10,28678,684097
nation,Wales,W92000004,2021-02-09,26659,655419
nation,Wales,W92000004,2021-02-08,24784,628760
nation,Wales,W92000004,2021-02-07,14354,603976
nation,Wales,W92000004,2021-02-06,32625,589622
nation,Wales,W92000004,2021-02-05,33955,556997
nation,Wales,W92000004,2021-02-04,32472,523042
nation,Wales,W92000004,2021-02-03,28073,490570
nation,Wales,W92000004,2021-02-02,22857,462497
nation,Wales,W92000004,2021-02-01,23334,439640
nation,Wales,W92000004,2021-01-31,12843,416306
nation,Wales,W92000004,2021-01-30,25263,403463
nation,Wales,W92000004,2021-01-29,15947,378200
nation,Wales,W92000004,2021-01-28,26182,362253
nation,Wales,W92000004,2021-01-27,23766,336071
nation,Wales,W92000004,2021-01-26,22739,312305
nation,Wales,W92000004,2021-01-25,18733,289566
nation,Wales,W92000004,2021-01-24,6295,270833
nation,Wales,W92000004,2021-01-23,23991,264538
nation,Wales,W92000004,2021-01-22,28230,240547
nation,Wales,W92000004,2021-01-21,21882,212317
nation,Wales,W92000004,2021-01-20,14619,190435
nation,Wales,W92000004,2021-01-19,13884,175816
nation,Wales,W92000004,2021-01-18,10195,161932
nation,Wales,W92000004,2021-01-17,25362,151737
nation,Wales,W92000004,2021-01-16,0,126375
nation,Wales,W92000004,2021-01-15,0,126375
nation,Wales,W92000004,2021-01-14,13402,126375
nation,Wales,W92000004,2021-01-13,11602,112973
nation,Wales,W92000004,2021-01-12,10132,101371
nation,Wales,W92000004,2021-01-11,5200,91239
nation,Wales,W92000004,2021-01-10,,86039
